stu1 877 746 140 1096
stu10 128 879 1037 329
stu100 143 919 54 661
stu1000 586 167 702 44
stu1001 636 85 220 702
stu1002 961 576 364 365
stu1003 819 447 902 801
stu1004 981 330 812 921
stu1005 356 1032 869 330
stu1006 916 943 263 653
stu1007 695 198 249 178
stu1008 646 950 503 462
stu1009 215 722 61 355
stu101 24 986 1079 618
stu1010 195 424 719 193
stu1011 50 518 993 211
stu1012 27 702 29 665
stu1013 913 78 994 1008
stu1014 1020 436 840 894
stu1015 915 1088 1072 459
stu1016 116 754 920 612
stu1017 374 160 966 850
stu1018 866 864 223 915
stu1019 561 395 23 870
stu102 958 385 547 1024
stu1020 1097 334 714 87
stu1021 693 605 1095 892
stu1022 1041 12 683 853
stu1023 1100 934 491 395
stu1024 586 590 186 139
stu1025 750 331 168 513
stu1026 374 390 607 934
stu1027 785 912 983 1061
stu1028 143 594 45 15
stu1029 379 319 906 599
stu103 39 535 1038 699
stu1030 331 486 631 610
stu1031 600 20 184 83
stu1032 891 369 503 538
stu1033 699 670 230 1072
stu1034 1060 17 83 742
stu1035 928 246 982 250
stu1036 19 1026 264 397
stu1037 525 349 175 855
stu1038 14 806 644 613
stu1039 5 827 977 895
stu104 445 75 357 314
stu1040 93 659 613 1073
stu1041 227 22 222 466
stu1042 38 304 387 145
stu1043 831 266 394 850
stu1044 189 939 426 995
stu1045 467 601 1029 481
stu1046 304 570 273 590
stu1047 294 430 382 386
stu1048 1088 994 638 212
stu1049 1016 859 677 233
stu105 259 355 539 427
stu1050 61 1063 378 71
stu1051 226 1053 920 697
stu1052 70 526 871 536
stu1053 24 798 196 609
stu1054 265 469 96 559
stu1055 898 477 124 883
stu1056 651 762 275 846
stu1057 518 131 1078 860
stu1058 374 635 931 881
stu1059 868 1030 757 117
stu106 423 237 550 54
stu1060 735 526 652 758
stu1061 221 28 546 485
stu1062 496 641 223 573
stu1063 298 347 635 128
stu1064 288 909 973 1087
stu1065 220 128 845 593
stu1066 1045 955 371 1092
stu1067 62 26 106 797
stu1068 551 757 734 1053
stu1069 1066 178 435 459
stu107 759 1059 349 82
stu1070 1100 940 211 577
stu1071 466 846 704 753
stu1072 934 856 737 51
stu1073 164 761 643 388
stu1074 895 194 377 957
stu1075 219 482 933 1051
stu1076 418 564 1001 382
stu1077 1023 615 20 1021
stu1078 452 231 777 917
stu1079 1076 379 567 87
stu108 56 684 1024 79
stu1080 414 484 138 577
stu1081 142 1062 144 1037
stu1082 153 520 71 371
stu1083 1001 183 319 599
stu1084 1028 499 980 949
stu1085 12 999 47 463
stu1086 127 3 278 382
stu1087 381 24 469 1077
stu1088 507 888 833 931
stu1089 847 977 45 1000
stu109 849 1000 696 705
stu1090 394 115 550 575
stu1091 579 49 71 504
stu1092 547 230 632 558
stu1093 126 960 1021 535
stu1094 963 478 96 523
stu1095 501 846 497 1008
stu1096 631 510 836 658
stu1097 384 60 837 1059
stu1098 174 284 813 1034
stu1099 332 63 435 59
stu11 940 438 236 220
stu110 565 422 908 603
stu1100 292 247 616 418
stu1101 104 816 132 246
stu1102 191 227 1051 692
stu1103 253 727 879 883
stu1104 134 894 720 517
stu1105 953 454 756 306
stu1106 1020 466 237 531
stu1107 529 953 589 820
stu1108 97 103 417 483
stu1109 98 830 1010 289
stu111 956 843 481 580
stu1110 237 958 980 489
stu1111 583 1038 551 716
stu1112 829 169 413 961
stu1113 904 66 164 821
stu1114 813 400 250 521
stu1115 532 18 239 911
stu1116 402 937 573 500
stu1117 947 480 788 81
stu1118 618 947 569 98
stu1119 882 17 1095 890
stu112 97 837 893 638
stu1120 467 687 748 269
stu1121 1034 911 269 1027
stu1122 490 800 445 201
stu1123 818 965 9 117
stu1124 800 581 616 644
stu1125 1061 583 1006 576
stu1126 427 472 955 488
stu1127 770 127 275 417
stu1128 1096 202 967 1027
stu1129 292 133 951 1063
stu113 371 611 244 1076
stu1130 933 576 162 648
stu1131 438 170 1046 135
stu1132 751 560 1060 991
stu1133 40 143 746 749
stu1134 896 880 134 564
stu1135 186 691 160 179
stu1136 72 24 386 364
stu1137 156 516 324 268
stu1138 1091 485 95 427
stu1139 937 39 843 585
stu114 848 1075 27 786
stu1140 880 1083 755 99
stu1141 123 398 27 1019
stu1142 175 443 762 360
stu1143 31 921 539 384
stu1144 124 104 747 561
stu1145 619 251 829 890
stu1146 1017 103 214 851
stu1147 423 236 615 482
stu1148 216 267 581 339
stu1149 664 889 537 18
stu115 1032 657 867 1087
stu1150 229 196 378 541
stu1151 296 96 925 419
stu1152 199 851 159 1099
stu1153 1101 987 886 196
stu1154 270 279 1046 692
stu1155 515 841 72 730
stu1156 5 934 248 669
stu1157 720 784 968 949
stu1158 159 243 669 736
stu1159 620 491 52 818
stu116 238 789 63 267
stu1160 522 211 1097 802
stu1161 377 60 997 646
stu1162 339 941 518 853
stu1163 679 589 762 965
stu1164 702 190 813 319
stu1165 153 679 447 312
stu1166 921 14 227 439
stu1167 786 279 436 205
stu1168 771 712 1007 327
stu1169 772 81 153 8
stu117 968 1040 971 430
stu1170 201 670 40 879
stu1171 438 1083 1024 37
stu1172 170 734 637 605
stu1173 310 1084 96 411
stu1174 277 322 29 1062
stu1175 882 746 447 550
stu1176 356 633 57 307
stu1177 713 209 314 914
stu1178 58 635 972 495
stu1179 615 893 813 1067
stu118 359 1058 213 494
stu1180 807 347 569 296
stu1181 328 664 706 886
stu1182 165 1016 846 1047
stu1183 942 472 776 195
stu1184 284 832 501 996
stu1185 220 1096 1089 277
stu1186 628 959 1053 422
stu1187 1031 1045 668 1017
stu1188 290 416 211 899
stu1189 259 916 683 424
stu119 1081 693 1073 75
stu1190 10 708 368 951
stu1191 77 41 325 360
stu1192 873 5 535 272
stu1193 1100 522 549 907
stu1194 660 781 226 870
stu1195 724 74 785 193
stu1196 489 995 1091 748
stu1197 1090 953 69 279
stu1198 558 718 127 916
stu1199 758 451 455 810
stu12 439 175 248 461
stu120 710 43 994 1080
stu1200 455 170 1082 734
stu1201 691 810 538 530
stu1202 770 1046 579 391
stu1203 299 543 865 787
stu1204 717 854 432 987
stu1205 986 782 163 442
stu1206 397 290 537 335
stu1207 1022 992 42 657
stu1208 59 303 570 1031
stu1209 10 6 740 780
stu121 653 135 233 680
stu1210 231 498 350 529
stu1211 1041 113 495 655
stu1212 146 927 539 29
stu1213 888 984 752 183
stu1214 453 187 799 372
stu1215 76 840 208 416
stu1216 41 778 626 332
stu1217 1065 263 291 193
stu1218 760 641 1003 980
stu1219 1035 395 533 360
stu122 390 541 364 319
stu1220 501 251 388 287
stu1221 132 320 751 584
stu1222 506 447 136 863
stu1223 466 625 458 788
stu1224 300 1083 18 262
stu1225 243 308 736 182
stu1226 128 918 60 211
stu1227 874 419 993 304
stu1228 1089 459 436 588
stu1229 389 199 273 15
stu123 95 410 585 615
stu1230 616 33 481 139
stu1231 772 166 720 752
stu1232 183 162 174 773
stu1233 897 355 900 713
stu1234 414 140 103 185
stu1235 840 1095 771 6
stu1236 734 386 593 20
stu1237 866 865 35 380
stu1238 77 515 800 848
stu1239 962 699 497 325
stu124 378 929 881 244
stu1240 860 670 1097 937
stu1241 205 74 829 900
stu1242 213 931 265 1053
stu1243 103 1035 1058 836
stu1244 318 549 36 81
stu1245 593 70 460 670
stu1246 584 439 697 725
stu1247 36 92 1049 75
stu1248 1043 223 1011 427
stu1249 297 737 225 791
stu125 46 1031 955 686
stu1250 847 489 741 130
stu1251 421 979 145 738
stu1252 707 180 1100 197
stu1253 249 740 46 12
stu1254 76 743 737 393
stu1255 14 965 468 236
stu1256 86 376 663 664
stu1257 293 67 352 37
stu1258 555 1093 166 155
stu1259 149 311 72 855
stu126 986 347 77 964
stu1260 490 69 1051 1021
stu1261 808 277 1032 64
stu1262 1019 948 738 1032
stu1263 811 103 165 896
stu1264 761 7 739 1053
stu1265 73 1090 269 909
stu1266 260 717 243 408
stu1267 207 314 160 978
stu1268 665 391 896 652
stu1269 667 6 715 583
stu127 1040 329 219 929
stu1270 953 351 794 661
stu1271 735 138 736 393
stu1272 427 372 625 499
stu1273 360 74 588 619
stu1274 790 830 207 176
stu1275 324 366 51 988
stu1276 756 127 537 602
stu1277 132 432 82 1084
stu1278 782 55 925 696
stu1279 193 558 269 619
stu128 653 110 906 485
stu1280 930 893 297 469
stu1281 146 64 1087 115
stu1282 894 473 290 115
stu1283 839 623 282 774
stu1284 749 818 274 60
stu1285 147 637 41 108
stu1286 974 965 804 64
stu1287 703 1072 964 530
stu1288 42 440 178 470
stu1289 504 444 584 295
stu129 527 319 63 916
stu1290 917 874 691 653
stu1291 394 972 606 322
stu1292 969 59 381 296
stu1293 696 703 403 849
stu1294 848 386 912 448
stu1295 637 1055 157 961
stu1296 392 334 328 895
stu1297 777 911 369 873
stu1298 964 239 423 255
stu1299 108 209 858 257
stu13 873 1040 16 845
stu130 859 708 414 954
stu1300 267 136 552 142
stu1301 839 134 990 584
stu1302 520 1081 211 336
stu1303 213 367 194 605
stu1304 982 521 679 938
stu1305 330 228 709 191
stu1306 466 311 728 574
stu1307 519 765 10 1068
stu1308 901 561 107 919
stu1309 694 277 682 393
stu131 297 178 748 675
stu1310 537 892 729 750
stu1311 156 922 252 317
stu1312 623 110 152 132
stu1313 337 860 604 803
stu1314 69 229 556 587
stu1315 994 565 552 1074
stu1316 23 941 890 998
stu1317 397 469 289 933
stu1318 540 1017 580 695
stu1319 16 831 191 638
stu132 4 526 98 331
stu1320 941 342 769 457
stu1321 100 271 157 168
stu1322 781 712 1036 954
stu1323 174 768 105 478
stu1324 888 994 374 182
stu1325 642 944 12 79
stu1326 38 592 1055 53
stu1327 602 143 973 722
stu1328 485 921 77 866
stu1329 371 233 213 332
stu133 736 232 1016 619
stu1330 125 146 183 298
stu1331 93 288 1058 980
stu1332 461 329 59 283
stu1333 452 71 643 489
stu1334 944 596 541 443
stu1335 1020 693 345 684
stu1336 512 421 447 882
stu1337 653 659 111 777
stu1338 1087 576 255 77
stu1339 43 492 1057 785
stu134 579 1092 763 798
stu1340 1102 13 1067 451
stu1341 365 890 939 488
stu1342 383 659 931 582
stu1343 250 173 164 1043
stu1344 875 610 822 707
stu1345 449 113 382 433
stu1346 970 918 509 1012
stu1347 307 463 694 306
stu1348 758 941 1038 302
stu1349 728 874 790 290
stu135 600 981 624 150
stu1350 430 900 871 961
stu1351 252 214 901 24
stu1352 4 903 730 452
stu1353 195 291 884 62
stu1354 388 572 1073 694
stu1355 215 946 179 152
stu1356 1066 114 453 691
stu1357 167 422 160 879
stu1358 219 211 737 470
stu1359 424 818 775 427
stu136 270 427 634 796
stu1360 900 403 878 1094
stu1361 693 941 335 1081
stu1362 693 587 954 907
stu1363 430 313 1058 676
stu1364 426 690 546 875
stu1365 10 706 651 510
stu1366 916 567 160 519
stu1367 564 934 946 361
stu1368 234 1003 634 107
stu1369 842 148 367 432
stu137 1027 978 891 784
stu1370 734 218 518 344
stu1371 530 473 1019 136
stu1372 342 462 190 633
stu1373 347 840 41 442
stu1374 586 200 961 48
stu1375 313 804 690 829
stu1376 704 504 935 725
stu1377 651 481 336 283
stu1378 698 853 626 408
stu1379 505 824 825 27
stu138 583 202 917 880
stu1380 465 1014 659 812
stu1381 1033 699 433 516
stu1382 78 291 845 673
stu1383 1094 433 399 978
stu1384 116 513 882 766
stu1385 993 116 228 870
stu1386 148 33 175 935
stu1387 856 179 961 501
stu1388 90 799 492 302
stu1389 396 924 1100 755
stu139 661 562 734 664
stu1390 113 842 325 386
stu1391 454 1005 261 569
stu1392 415 323 515 587
stu1393 720 742 355 47
stu1394 775 811 981 810
stu1395 990 19 208 259
stu1396 818 699 843 393
stu1397 521 840 327 915
stu1398 579 934 198 213
stu1399 836 741 1063 431
stu14 411 1035 591 977
stu140 267 11 994 1002
stu1400 1063 475 1017 680
stu1401 397 551 726 69
stu1402 542 887 878 429
stu1403 905 266 969 902
stu1404 144 709 192 664
stu1405 728 801 476 487
stu1406 632 956 699 365
stu1407 594 659 1077 554
stu1408 314 172 413 710
stu1409 722 36 1060 161
stu141 242 907 800 820
stu1410 922 15 871 1007
stu1411 280 1020 806 424
stu1412 908 178 267 534
stu1413 978 1025 1020 507
stu1414 878 898 51 651
stu1415 736 26 102 229
stu1416 479 514 938 98
stu1417 831 895 541 651
stu1418 910 309 837 369
stu1419 508 540 792 314
stu142 76 460 515 957
stu1420 999 239 27 54
stu1421 161 226 842 218
stu1422 21 893 868 1038
stu1423 98 149 165 576
stu1424 944 282 955 672
stu1425 75 393 502 164
stu1426 984 236 532 671
stu1427 1058 504 984 954
stu1428 1024 190 188 364
stu1429 415 1029 863 717
stu143 620 36 286 890
stu1430 819 628 935 96
stu1431 1058 1099 953 899
stu1432 278 806 468 634
stu1433 378 150 1079 541
stu1434 385 791 110 622
stu1435 474 273 756 395
stu1436 745 943 1040 57
stu1437 869 800 1056 868
stu1438 607 888 963 562
stu1439 884 814 640 341
stu144 745 920 865 951
stu1440 799 287 155 356
stu1441 436 131 897 1
stu1442 101 186 622 574
stu1443 740 275 148 382
stu1444 115 85 439 164
stu1445 64 392 1031 670
stu1446 459 891 411 522
stu1447 884 230 42 862
stu1448 517 196 116 952
stu1449 609 192 132 991
stu145 1077 654 632 558
stu1450 377 754 463 14
stu1451 208 892 396 605
stu1452 157 14 768 220
stu1453 687 696 70 43
stu1454 766 762 564 830
stu1455 992 887 589 688
stu1456 1083 986 819 871
stu1457 75 951 759 733
stu1458 884 401 1029 1091
stu1459 191 322 593 347
stu146 35 728 617 696
stu1460 617 258 848 201
stu1461 133 97 525 899
stu1462 39 268 626 1030
stu1463 52 394 897 314
stu1464 278 613 82 352
stu1465 743 21 265 524
stu1466 421 191 513 893
stu1467 512 285 137 308
stu1468 825 165 790 957
stu1469 543 212 753 581
stu147 469 530 539 1017
stu1470 761 558 790 1094
stu1471 952 584 306 127
stu1472 377 669 760 17
stu1473 689 1024 541 290
stu1474 112 233 80 905
stu1475 517 499 392 239
stu1476 663 79 94 385
stu1477 572 26 966 230
stu1478 584 653 222 715
stu1479 417 809 841 793
stu148 540 713 916 1063
stu1480 375 780 809 244
stu1481 702 247 815 1095
stu1482 761 894 78 176
stu1483 290 469 696 132
stu1484 548 1071 517 17
stu1485 1097 662 529 860
stu1486 212 1032 472 628
stu1487 738 492 318 292
stu1488 451 307 817 332
stu1489 835 529 325 494
stu149 799 896 781 55
stu1490 321 684 951 892
stu1491 50 544 204 879
stu1492 513 1002 76 789
stu1493 561 604 546 1054
stu1494 533 197 862 450
stu1495 970 359 741 318
stu1496 665 456 650 680
stu1497 164 154 71 484
stu1498 837 1021 556 66
stu1499 744 1041 945 436
stu15 1078 431 314 263
stu150 535 475 1011 53
stu1500 940 1020 122 680
stu1501 803 949 913 233
stu1502 325 672 964 192
stu1503 211 602 792 875
stu1504 237 621 734 401
stu1505 774 804 64 790
stu1506 1004 901 35 646
stu1507 839 159 1081 958
stu1508 76 383 817 878
stu1509 229 628 290 554
stu151 793 195 942 717
stu1510 479 151 1027 689
stu1511 1035 716 744 451
stu1512 234 375 31 187
stu1513 77 377 156 260
stu1514 175 191 85 194
stu1515 349 346 49 707
stu1516 728 46 764 136
stu1517 673 1054 689 49
stu1518 384 896 1020 598
stu1519 509 661 1049 1025
stu152 294 704 565 268
stu1520 1035 1079 391 291
stu1521 635 547 833 810
stu1522 1019 917 183 547
stu1523 160 513 151 887
stu1524 558 95 1023 410
stu1525 328 891 459 711
stu1526 966 658 489 373
stu1527 216 435 577 430
stu1528 693 967 1003 226
stu1529 411 733 215 609
stu153 537 377 5 572
stu1530 547 679 54 989
stu1531 89 486 1055 647
stu1532 580 155 1056 907
stu1533 1046 694 516 89
stu1534 249 184 461 746
stu1535 618 217 74 490
stu1536 82 256 997 774
stu1537 988 109 281 714
stu1538 787 334 600 56
stu1539 819 835 702 297
stu154 2 903 165 753
stu1540 989 937 383 112
stu1541 811 78 201 239
stu1542 261 943 985 878
stu1543 58 238 548 139
stu1544 493 442 912 378
stu1545 833 90 271 517
stu1546 705 51 854 422
stu1547 885 453 1000 771
stu1548 570 280 63 560
stu1549 358 263 798 618
stu155 330 985 667 49
stu1550 103 680 676 160
stu1551 97 121 580 589
stu1552 562 390 146 292
stu1553 761 417 1091 364
stu1554 467 842 1067 531
stu1555 475 144 481 224
stu1556 423 543 783 1062
stu1557 805 760 860 88
stu1558 620 715 529 716
stu1559 835 7 203 576
stu156 595 763 10 292
stu1560 396 348 48 336
stu1561 1046 318 699 692
stu1562 57 663 120 813
stu1563 1088 601 1036 409
stu1564 41 998 650 26
stu1565 656 407 113 173
stu1566 19 641 68 33
stu1567 647 270 891 222
stu1568 900 938 558 23
stu1569 153 436 715 491
stu157 556 1072 346 270
stu1570 279 834 202 264
stu1571 614 417 954 937
stu1572 595 784 962 430
stu1573 88 254 884 389
stu1574 894 951 703 721
stu1575 401 491 122 480
stu1576 608 961 502 760
stu1577 577 396 431 855
stu1578 410 632 298 1023
stu1579 228 432 857 2
stu158 726 536 322 416
stu1580 113 998 431 482
stu1581 149 212 50 223
stu1582 343 753 123 1025
stu1583 423 244 402 1031
stu1584 385 83 970 961
stu1585 479 298 995 888
stu1586 109 190 808 337
stu1587 621 845 620 1015
stu1588 740 1051 395 889
stu1589 442 444 291 1066
stu159 730 443 30 203
stu1590 94 413 988 799
stu1591 656 287 727 220
stu1592 652 594 78 28
stu1593 892 252 915 1000
stu1594 724 902 516 524
stu1595 644 34 437 564
stu1596 264 831 632 987
stu1597 172 922 131 548
stu1598 232 16 244 67
stu1599 585 970 287 134
stu16 93 526 194 714
stu160 327 877 471 863
stu1600 743 646 443 814
stu1601 898 255 712 519
stu1602 54 407 1042 980
stu1603 440 376 441 985
stu1604 386 1072 50 558
stu1605 891 180 285 302
stu1606 477 528 368 241
stu1607 677 936 656 599
stu1608 762 1098 311 557
stu1609 532 1022 255 586
stu161 151 757 614 434
stu1610 608 476 463 228
stu1611 32 83 110 417
stu1612 52 441 154 122
stu1613 902 438 423 559
stu1614 965 1072 799 821
stu1615 906 635 318 565
stu1616 912 910 301 342
stu1617 829 555 927 334
stu1618 210 569 843 241
stu1619 651 953 658 984
stu162 558 1060 84 67
stu1620 573 811 3 373
stu1621 429 425 931 573
stu1622 394 909 292 479
stu1623 441 891 223 251
stu1624 698 523 874 706
stu1625 257 698 219 467
stu1626 446 1062 707 276
stu1627 92 544 157 664
stu1628 535 159 216 963
stu1629 865 44 433 156
stu163 943 751 116 435
stu1630 133 1006 917 573
stu1631 1076 37 3 671
stu1632 560 876 556 1098
stu1633 753 775 462 378
stu1634 1016 349 653 5
stu1635 892 1091 668 606
stu1636 147 64 466 191
stu1637 107 79 629 521
stu1638 1084 443 1094 1058
stu1639 479 276 908 218
stu164 693 407 1008 428
stu1640 332 362 214 264
stu1641 34 957 642 1049
stu1642 203 474 233 275
stu1643 463 80 880 891
stu1644 143 244 1082 532
stu1645 322 608 1052 585
stu1646 1050 223 540 708
stu1647 781 346 106 10
stu1648 989 319 273 1022
stu1649 455 94 148 658
stu165 658 251 697 281
stu1650 568 662 112 210
stu1651 741 991 1100 64
stu1652 414 1079 595 1017
stu1653 584 544 782 813
stu1654 1049 501 419 727
stu1655 26 524 736 1014
stu1656 22 188 113 476
stu1657 282 260 313 29
stu1658 101 706 238 842
stu1659 877 235 905 470
stu166 1069 1019 697 696
stu1660 494 679 667 1077
stu1661 402 346 1070 348
stu1662 846 386 1074 872
stu1663 89 707 783 392
stu1664 75 896 47 638
stu1665 335 642 666 436
stu1666 245 83 457 19
stu1667 599 541 489 1092
stu1668 117 53 247 518
stu1669 680 214 866 423
stu167 641 1008 899 967
stu1670 881 17 474 969
stu1671 724 155 540 1080
stu1672 230 586 615 564
stu1673 125 460 179 652
stu1674 824 635 952 320
stu1675 355 620 592 753
stu1676 954 838 451 531
stu1677 1051 496 134 9
stu1678 512 607 157 133
stu1679 761 696 392 990
stu168 1064 549 1010 112
stu1680 461 1006 734 586
stu1681 363 912 417 84
stu1682 727 266 686 261
stu1683 886 175 1014 737
stu1684 1012 362 166 140
stu1685 857 299 148 266
stu1686 85 586 681 846
stu1687 179 1072 1015 639
stu1688 156 646 404 800
stu1689 738 820 64 644
stu169 203 521 828 1042
stu1690 266 749 904 49
stu1691 103 815 1067 12
stu1692 356 412 433 110
stu1693 992 862 658 1077
stu1694 345 236 820 805
stu1695 487 1014 341 642
stu1696 840 1027 340 757
stu1697 1026 403 298 189
stu1698 331 381 237 433
stu1699 376 202 726 731
stu17 1014 1053 676 39
stu170 761 911 7 601
stu1700 613 56 21 785
stu1701 97 678 759 723
stu1702 93 758 425 579
stu1703 669 1047 401 406
stu1704 971 1022 342 895
stu1705 322 639 263 934
stu1706 200 500 264 575
stu1707 983 989 203 775
stu1708 224 505 457 602
stu1709 80 113 222 454
stu171 841 404 215 431
stu1710 50 928 1033 719
stu1711 872 613 304 1023
stu1712 532 646 1097 33
stu1713 464 257 966 663
stu1714 1038 409 135 918
stu1715 577 620 873 1082
stu1716 22 509 581 384
stu1717 904 1084 837 953
stu1718 909 1049 569 960
stu1719 559 873 60 270
stu172 810 121 858 365
stu1720 698 54 302 59
stu1721 593 447 722 528
stu1722 855 856 626 611
stu1723 655 678 590 677
stu1724 84 68 1060 987
stu1725 331 1076 838 419
stu1726 1023 304 277 761
stu1727 356 618 1031 1053
stu1728 954 512 292 444
stu1729 959 1013 151 993
stu173 653 453 927 619
stu1730 1048 776 502 601
stu1731 351 1091 175 435
stu1732 339 414 601 951
stu1733 387 336 268 589
stu1734 922 826 530 457
stu1735 341 740 408 192
stu1736 149 981 917 287
stu1737 891 1068 178 836
stu1738 741 961 334 272
stu1739 949 790 988 467
stu174 651 803 495 189
stu1740 383 486 316 1052
stu1741 2 865 820 923
stu1742 588 247 277 108
stu1743 986 966 582 315
stu1744 844 396 601 914
stu1745 361 1060 648 282
stu1746 918 161 835 1047
stu1747 131 720 693 795
stu1748 385 188 744 386
stu1749 1052 462 206 819
stu175 991 573 336 952
stu1750 990 765 107 874
stu1751 628 688 368 652
stu1752 1083 148 463 624
stu1753 106 290 85 203
stu1754 451 919 429 863
stu1755 818 20 555 100
stu1756 489 197 768 439
stu1757 940 153 437 827
stu1758 917 543 880 725
stu1759 128 145 274 391
stu176 19 525 244 503
stu1760 575 736 194 680
stu1761 1026 278 62 656
stu1762 94 491 698 91
stu1763 792 150 472 460
stu1764 628 137 78 747
stu1765 572 515 472 386
stu1766 237 531 290 647
stu1767 958 563 1037 430
stu1768 197 128 289 402
stu1769 687 350 237 1062
stu177 225 1071 443 985
stu1770 20 934 50 1093
stu1771 1083 521 451 891
stu1772 940 528 535 409
stu1773 222 186 794 459
stu1774 717 1084 3 572
stu1775 826 219 1001 202
stu1776 628 469 603 212
stu1777 1100 19 171 18
stu1778 952 502 290 113
stu1779 1022 1003 859 730
stu178 879 731 483 900
stu1780 717 165 951 903
stu1781 139 589 517 402
stu1782 873 268 125 271
stu1783 448 327 898 916
stu1784 109 289 913 128
stu1785 741 110 259 140
stu1786 400 371 342 319
stu1787 553 380 228 168
stu1788 545 77 1070 965
stu1789 947 766 264 718
stu179 32 980 510 21
stu1790 1033 670 988 378
stu1791 176 1066 191 567
stu1792 252 283 694 173
stu1793 393 132 594 1074
stu1794 503 935 572 235
stu1795 213 800 402 1039
stu1796 876 651 901 720
stu1797 314 344 617 244
stu1798 1013 503 903 369
stu1799 466 1093 935 999
stu18 10 892 367 949
stu180 1100 266 385 932
stu1800 556 808 351 948
stu1801 939 945 919 621
stu1802 1059 388 856 451
stu1803 85 437 669 140
stu1804 1088 749 40 299
stu1805 272 656 825 183
stu1806 338 625 551 1085
stu1807 898 665 162 351
stu1808 370 512 196 206
stu1809 636 294 827 875
stu181 1000 491 449 830
stu1810 963 862 505 1048
stu1811 196 354 367 181
stu1812 1102 688 762 272
stu1813 524 484 736 41
stu1814 6 466 24 903
stu1815 28 467 433 397
stu1816 978 628 884 794
stu1817 101 890 848 1064
stu1818 649 532 189 25
stu1819 885 555 205 423
stu182 192 123 198 80
stu1820 966 336 946 629
stu1821 251 986 635 716
stu1822 189 717 1025 655
stu1823 48 601 813 957
stu1824 382 504 238 452
stu1825 531 199 280 1062
stu1826 387 304 845 121
stu1827 509 909 543 654
stu1828 424 668 181 674
stu1829 552 1097 569 1022
stu183 695 533 1031 995
stu1830 993 773 575 220
stu1831 271 285 357 934
stu1832 1070 594 565 498
stu1833 792 845 739 358
stu1834 46 763 478 836
stu1835 851 201 388 172
stu1836 868 850 25 599
stu1837 844 875 519 1016
stu1838 545 273 134 1097
stu1839 557 490 109 806
stu184 237 172 395 462
stu1840 1083 673 201 772
stu1841 415 119 27 461
stu1842 882 786 194 630
stu1843 986 863 1084 1034
stu1844 610 6 530 633
stu1845 881 228 547 605
stu1846 500 680 600 1056
stu1847 349 708 1041 329
stu1848 560 139 280 975
stu1849 540 588 615 319
stu185 422 17 344 481
stu1850 271 1090 128 437
stu1851 851 109 368 640
stu1852 397 897 171 175
stu1853 23 999 1061 804
stu1854 858 558 1040 104
stu1855 445 978 714 1005
stu1856 297 993 57 836
stu1857 478 671 334 1030
stu1858 658 461 364 688
stu1859 852 731 226 146
stu186 747 7 278 778
stu1860 808 678 602 10
stu1861 856 560 813 611
stu1862 298 750 714 742
stu1863 908 607 644 102
stu1864 497 982 937 154
stu1865 550 450 81 388
stu1866 90 727 255 941
stu1867 355 762 1086 60
stu1868 619 867 351 372
stu1869 325 62 162 622
stu187 986 787 1080 163
stu1870 1093 875 543 898
stu1871 661 367 179 55
stu1872 246 13 208 1078
stu1873 744 571 645 834
stu1874 195 899 672 831
stu1875 841 938 71 357
stu1876 702 421 1011 206
stu1877 482 70 7 755
stu1878 125 550 832 785
stu1879 916 1011 840 59
stu188 232 644 1094 411
stu1880 1023 227 316 947
stu1881 797 960 678 171
stu1882 757 529 1002 495
stu1883 364 1072 31 246
stu1884 390 1041 733 52
stu1885 9 740 806 133
stu1886 187 535 917 282
stu1887 443 936 622 646
stu1888 61 938 490 37
stu1889 795 347 208 731
stu189 33 722 420 224
stu1890 875 389 405 419
stu1891 358 436 664 1029
stu1892 656 576 1080 664
stu1893 213 1065 1078 681
stu1894 780 73 142 120
stu1895 1008 764 1047 248
stu1896 599 716 285 573
stu1897 242 774 202 15
stu1898 60 606 433 417
stu1899 1041 276 343 877
stu19 228 884 348 948
stu190 24 618 303 718
stu1900 851 603 438 244
stu1901 565 696 104 242
stu1902 768 246 644 673
stu1903 1009 870 921 787
stu1904 766 385 257 1007
stu1905 56 458 1021 115
stu1906 244 633 813 464
stu1907 88 335 238 119
stu1908 117 676 644 964
stu1909 551 747 103 216
stu191 330 231 610 567
stu1910 992 1028 68 78
stu1911 1078 168 44 741
stu1912 552 301 645 607
stu1913 1040 846 1003 181
stu1914 658 995 645 746
stu1915 510 62 44 626
stu1916 1019 687 487 467
stu1917 331 872 682 503
stu1918 1079 1032 862 1054
stu1919 97 906 692 649
stu192 685 185 1028 4
stu1920 386 517 435 605
stu1921 542 618 1068 97
stu1922 510 892 22 199
stu1923 953 65 5 870
stu1924 751 491 234 1082
stu1925 542 96 764 519
stu1926 25 523 752 121
stu1927 326 624 1051 993
stu1928 38 384 496 579
stu1929 1001 743 957 690
stu193 483 551 484 128
stu1930 532 979 69 382
stu1931 1043 73 149 974
stu1932 845 665 953 285
stu1933 760 896 1085 784
stu1934 316 1016 84 924
stu1935 537 33 814 856
stu1936 698 489 332 878
stu1937 129 469 747 942
stu1938 345 815 222 567
stu1939 887 652 438 912
stu194 557 1043 85 722
stu1940 214 570 376 153
stu1941 363 640 116 961
stu1942 553 200 782 1090
stu1943 514 775 843 109
stu1944 444 355 166 854
stu1945 823 912 694 347
stu1946 625 95 93 691
stu1947 746 531 500 140
stu1948 280 55 292 925
stu1949 694 408 783 145
stu195 728 63 884 139
stu1950 889 462 414 300
stu1951 416 154 690 859
stu1952 790 35 893 792
stu1953 946 484 318 750
stu1954 860 411 621 503
stu1955 121 300 924 400
stu1956 355 396 222 1048
stu1957 803 184 372 871
stu1958 927 785 350 241
stu1959 939 1039 279 908
stu196 706 56 550 738
stu1960 253 69 598 96
stu1961 834 915 26 591
stu1962 505 646 274 625
stu1963 125 95 205 479
stu1964 490 708 707 472
stu1965 892 1078 522 716
stu1966 761 871 956 879
stu1967 1089 133 684 239
stu1968 483 461 617 215
stu1969 556 642 805 1060
stu197 1059 149 961 1083
stu1970 467 258 583 591
stu1971 635 787 250 304
stu1972 392 136 1058 181
stu1973 111 477 77 51
stu1974 246 1032 109 232
stu1975 344 793 753 827
stu1976 433 267 221 988
stu1977 88 205 946 554
stu1978 463 708 324 277
stu1979 674 855 580 1065
stu198 766 443 698 1096
stu1980 990 535 426 281
stu1981 1012 502 613 437
stu1982 713 722 950 237
stu1983 694 600 243 24
stu1984 866 463 1012 953
stu1985 949 35 686 309
stu1986 742 1010 867 313
stu1987 1044 345 557 932
stu1988 879 162 392 1070
stu1989 945 1004 404 556
stu199 674 488 842 538
stu1990 623 252 792 496
stu1991 31 1034 520 897
stu1992 676 711 1029 522
stu1993 745 613 11 666
stu1994 802 877 158 743
stu1995 119 714 572 178
stu1996 56 143 427 1000
stu1997 45 11 453 949
stu1998 544 424 343 574
stu1999 637 42 650 492
stu2 930 161 742 20
stu20 239 596 588 9
stu200 954 1049 541 334
stu2000 752 577 1014 676
stu201 497 205 461 234
stu202 145 828 955 52
stu203 70 1019 191 1057
stu204 1074 1022 693 210
stu205 68 833 190 14
stu206 456 68 7 27
stu207 837 28 846 688
stu208 1076 566 1021 752
stu209 770 662 985 95
stu21 533 603 33 943
stu210 669 18 146 738
stu211 216 336 692 469
stu212 537 564 678 887
stu213 577 48 900 1032
stu214 115 86 238 131
stu215 113 1083 818 368
stu216 828 1018 17 496
stu217 859 182 590 707
stu218 481 1017 342 696
stu219 533 214 344 1069
stu22 817 905 1100 793
stu220 1059 1021 853 815
stu221 1068 650 744 362
stu222 735 161 492 27
stu223 423 489 394 149
stu224 687 693 926 443
stu225 54 695 330 816
stu226 609 671 691 39
stu227 64 1034 288 303
stu228 952 320 15 98
stu229 150 1041 741 64
stu23 233 311 1055 325
stu230 99 131 91 804
stu231 901 766 952 485
stu232 638 775 108 691
stu233 649 437 404 155
stu234 287 1094 476 633
stu235 1025 763 935 55
stu236 262 949 434 411
stu237 887 72 475 166
stu238 484 565 969 283
stu239 510 818 1049 46
stu24 16 146 219 1030
stu240 772 336 736 600
stu241 1054 320 754 239
stu242 593 409 51 798
stu243 351 985 32 613
stu244 831 465 1023 898
stu245 536 395 1063 1020
stu246 139 929 482 649
stu247 926 710 694 877
stu248 1046 609 374 997
stu249 108 307 415 701
stu25 379 74 248 388
stu250 716 465 678 1066
stu251 347 709 576 358
stu252 353 779 435 68
stu253 71 677 1087 210
stu254 785 748 38 608
stu255 356 731 664 299
stu256 519 1037 475 627
stu257 523 890 507 136
stu258 534 364 382 61
stu259 1072 137 418 604
stu26 966 897 516 373
stu260 915 32 671 986
stu261 708 938 375 390
stu262 583 412 177 118
stu263 322 840 698 1056
stu264 71 646 476 140
stu265 50 894 673 413
stu266 455 1015 664 591
stu267 330 165 404 643
stu268 16 569 248 953
stu269 943 637 715 534
stu27 678 864 218 916
stu270 813 833 855 832
stu271 428 874 785 780
stu272 418 441 919 749
stu273 514 772 342 968
stu274 684 1005 456 194
stu275 350 859 836 647
stu276 607 264 497 729
stu277 80 109 160 73
stu278 941 194 904 549
stu279 1068 869 226 665
stu28 357 805 105 69
stu280 489 325 311 1002
stu281 1096 934 867 959
stu282 837 220 50 366
stu283 259 66 1012 865
stu284 611 688 492 690
stu285 796 933 762 917
stu286 25 564 645 272
stu287 612 870 936 1100
stu288 92 426 999 367
stu289 258 763 224 274
stu29 588 419 192 302
stu290 162 555 921 702
stu291 902 10 747 410
stu292 979 136 1100 672
stu293 248 1041 768 272
stu294 784 310 825 293
stu295 360 940 290 451
stu296 546 468 818 1085
stu297 410 1041 538 854
stu298 775 356 453 575
stu299 647 97 984 523
stu3 1075 1022 882 222
stu30 222 189 1094 736
stu300 514 161 374 762
stu301 100 322 213 883
stu302 913 1038 356 170
stu303 55 927 621 600
stu304 293 618 582 984
stu305 838 17 735 510
stu306 654 86 1084 480
stu307 182 146 978 306
stu308 556 637 687 57
stu309 29 468 969 246
stu31 781 227 241 796
stu310 3 37 301 929
stu311 939 900 119 454
stu312 662 1 189 960
stu313 735 698 794 1102
stu314 962 453 182 5
stu315 635 339 592 370
stu316 975 177 426 183
stu317 926 292 429 928
stu318 328 729 754 164
stu319 808 53 899 649
stu32 372 741 1005 1032
stu320 53 1087 789 1069
stu321 683 480 1069 824
stu322 932 430 828 464
stu323 768 317 833 922
stu324 775 438 2 598
stu325 730 712 705 237
stu326 620 357 683 608
stu327 691 479 154 743
stu328 464 942 991 326
stu329 601 957 47 713
stu33 814 433 599 959
stu330 566 54 356 513
stu331 652 369 332 325
stu332 806 616 102 433
stu333 507 807 670 25
stu334 343 250 632 213
stu335 1010 1067 955 371
stu336 87 23 978 969
stu337 160 1024 579 725
stu338 1077 935 418 627
stu339 483 749 131 186
stu34 227 295 229 904
stu340 544 232 901 1051
stu341 218 468 255 842
stu342 999 66 1054 86
stu343 312 86 457 680
stu344 109 332 547 550
stu345 536 23 172 792
stu346 137 589 598 619
stu347 518 728 1087 241
stu348 140 885 471 357
stu349 532 1007 379 710
stu35 338 728 1000 694
stu350 1072 330 795 564
stu351 698 149 141 1088
stu352 763 687 535 196
stu353 992 988 167 308
stu354 475 765 107 172
stu355 390 91 694 529
stu356 975 63 66 404
stu357 1069 726 293 219
stu358 235 1087 782 932
stu359 416 922 917 76
stu36 431 284 1044 198
stu360 507 349 553 678
stu361 517 719 985 171
stu362 663 1091 342 1053
stu363 361 1035 761 233
stu364 277 6 918 526
stu365 731 108 744 146
stu366 375 705 1077 790
stu367 524 72 865 210
stu368 702 597 67 116
stu369 495 1052 286 56
stu37 702 415 499 103
stu370 220 909 288 581
stu371 22 228 1095 298
stu372 516 91 3 144
stu373 198 1028 571 572
stu374 630 546 541 334
stu375 899 303 825 498
stu376 79 892 896 856
stu377 21 79 911 240
stu378 988 378 1102 189
stu379 605 1095 768 18
stu38 885 773 19 845
stu380 365 771 444 844
stu381 696 1014 314 506
stu382 739 854 839 535
stu383 337 561 213 697
stu384 350 6 450 370
stu385 84 540 892 251
stu386 917 891 439 702
stu387 63 105 1001 427
stu388 55 624 169 750
stu389 536 764 435 454
stu39 999 259 539 550
stu390 797 171 169 313
stu391 732 381 190 261
stu392 386 639 913 751
stu393 359 702 182 455
stu394 772 902 54 15
stu395 186 235 723 240
stu396 858 71 170 573
stu397 834 604 1027 811
stu398 775 93 303 686
stu399 473 492 126 38
stu4 1010 100 1 1042
stu40 999 723 480 992
stu400 311 1038 788 951
stu401 919 149 303 589
stu402 1051 639 603 134
stu403 873 223 656 910
stu404 294 825 381 307
stu405 608 305 297 562
stu406 397 882 145 49
stu407 271 553 86 863
stu408 488 53 711 305
stu409 202 194 73 432
stu41 53 1078 849 279
stu410 12 675 565 64
stu411 77 118 973 652
stu412 122 251 139 730
stu413 555 435 189 131
stu414 214 616 461 767
stu415 348 828 809 835
stu416 61 700 319 544
stu417 893 391 975 84
stu418 1065 719 147 322
stu419 17 973 138 268
stu42 552 1077 363 889
stu420 9 47 2 726
stu421 518 415 119 313
stu422 55 885 660 883
stu423 874 674 123 471
stu424 993 666 543 563
stu425 820 626 526 436
stu426 772 27 452 1070
stu427 179 872 235 188
stu428 98 519 93 897
stu429 113 211 107 167
stu43 703 542 762 313
stu430 276 1048 229 47
stu431 620 351 799 792
stu432 196 239 252 1015
stu433 44 1059 631 1097
stu434 1085 262 1064 162
stu435 313 479 631 411
stu436 997 1005 205 289
stu437 113 594 455 670
stu438 821 966 998 338
stu439 496 694 309 692
stu44 825 704 510 706
stu440 112 843 886 437
stu441 799 696 431 1064
stu442 958 675 405 168
stu443 51 215 860 227
stu444 117 245 515 229
stu445 18 149 79 838
stu446 12 1076 356 508
stu447 668 664 379 1061
stu448 686 444 396 383
stu449 38 6 626 175
stu45 298 188 1091 363
stu450 680 1030 624 730
stu451 142 382 956 258
stu452 908 650 768 925
stu453 799 846 942 1092
stu454 1102 195 779 667
stu455 39 337 907 724
stu456 781 200 286 1100
stu457 206 911 172 885
stu458 18 795 441 356
stu459 930 980 443 478
stu46 960 7 105 856
stu460 928 265 456 671
stu461 387 727 952 581
stu462 404 516 901 740
stu463 603 805 700 802
stu464 270 697 187 361
stu465 48 252 378 843
stu466 1046 819 378 53
stu467 696 821 530 803
stu468 265 165 372 651
stu469 892 503 412 475
stu47 547 925 304 443
stu470 199 492 394 801
stu471 194 1094 782 746
stu472 970 969 4 1018
stu473 118 381 1040 343
stu474 379 315 395 255
stu475 33 105 1057 298
stu476 551 608 128 622
stu477 9 539 1096 207
stu478 211 670 1007 686
stu479 943 686 329 810
stu48 546 1065 332 880
stu480 834 332 1007 131
stu481 713 944 473 271
stu482 439 48 525 753
stu483 152 762 1050 702
stu484 267 358 504 557
stu485 76 779 763 286
stu486 346 949 972 186
stu487 815 198 176 546
stu488 530 362 959 422
stu489 486 329 692 924
stu49 220 78 339 772
stu490 658 397 574 809
stu491 56 804 691 604
stu492 59 92 416 870
stu493 1 702 396 130
stu494 853 863 944 230
stu495 218 669 759 580
stu496 807 360 1065 316
stu497 232 886 973 910
stu498 639 680 145 340
stu499 550 748 680 923
stu5 849 843 699 793
stu50 335 983 558 217
stu500 1088 1096 972 269
stu501 977 547 398 1009
stu502 308 521 136 525
stu503 369 75 2 74
stu504 434 246 389 947
stu505 311 259 754 950
stu506 118 898 469 949
stu507 826 47 1051 811
stu508 322 921 1079 196
stu509 365 656 102 954
stu51 422 218 529 426
stu510 74 519 377 725
stu511 593 660 798 1027
stu512 906 366 871 114
stu513 624 523 243 1024
stu514 600 712 870 323
stu515 758 819 32 1079
stu516 919 290 454 463
stu517 126 837 315 199
stu518 253 691 103 846
stu519 530 900 1052 333
stu52 101 218 311 398
stu520 163 1102 729 1069
stu521 804 971 170 302
stu522 862 1039 624 517
stu523 1037 937 775 33
stu524 407 408 496 532
stu525 424 1092 1012 959
stu526 962 13 702 389
stu527 92 933 1004 537
stu528 932 630 503 634
stu529 780 672 115 540
stu53 405 299 760 263
stu530 890 1020 236 5
stu531 855 191 37 441
stu532 598 814 152 202
stu533 803 61 58 662
stu534 355 1041 1051 447
stu535 871 952 163 982
stu536 761 665 513 720
stu537 516 627 439 585
stu538 827 957 589 861
stu539 45 908 199 924
stu54 587 45 16 31
stu540 619 632 305 602
stu541 974 362 161 227
stu542 300 391 955 350
stu543 522 15 230 180
stu544 961 1024 80 656
stu545 831 800 138 555
stu546 654 1009 313 980
stu547 814 511 1084 612
stu548 322 286 111 193
stu549 648 272 419 127
stu55 969 601 755 694
stu550 944 553 477 364
stu551 849 706 825 707
stu552 627 904 542 355
stu553 884 680 89 435
stu554 868 401 595 579
stu555 91 576 370 412
stu556 861 481 605 688
stu557 1034 203 815 875
stu558 1038 189 136 784
stu559 74 961 671 982
stu56 563 1087 472 783
stu560 1044 110 517 825
stu561 1071 605 440 836
stu562 1006 214 594 1096
stu563 789 964 688 829
stu564 624 190 415 837
stu565 674 409 891 609
stu566 879 207 291 952
stu567 65 961 831 288
stu568 250 527 293 219
stu569 30 1014 1054 1035
stu57 344 810 452 960
stu570 125 546 208 93
stu571 689 895 101 210
stu572 264 515 1046 938
stu573 103 14 444 981
stu574 220 734 830 566
stu575 874 841 854 22
stu576 265 326 240 576
stu577 519 473 508 643
stu578 198 998 1017 886
stu579 1072 15 275 234
stu58 690 189 74 291
stu580 812 500 69 914
stu581 514 794 793 733
stu582 708 802 197 479
stu583 822 230 782 267
stu584 555 201 842 253
stu585 674 530 75 871
stu586 425 1091 937 676
stu587 285 109 909 276
stu588 609 157 88 20
stu589 951 60 752 556
stu59 406 602 716 506
stu590 41 128 214 863
stu591 357 996 309 91
stu592 376 48 343 1049
stu593 577 417 1100 181
stu594 687 934 857 972
stu595 222 945 145 830
stu596 1102 514 849 130
stu597 855 781 967 896
stu598 908 78 938 445
stu599 253 144 535 911
stu6 375 792 191 1020
stu60 1101 206 84 404
stu600 473 878 857 230
stu601 474 34 410 59
stu602 147 446 210 369
stu603 289 354 378 288
stu604 48 125 417 902
stu605 85 563 977 992
stu606 640 812 616 73
stu607 135 49 983 608
stu608 106 1019 837 579
stu609 233 426 919 379
stu61 787 23 666 271
stu610 872 26 1029 58
stu611 662 305 627 709
stu612 711 223 790 795
stu613 785 665 966 604
stu614 656 480 958 791
stu615 810 838 578 95
stu616 1037 594 955 167
stu617 1019 772 827 788
stu618 1079 1036 25 638
stu619 520 933 526 128
stu62 67 963 302 1036
stu620 53 214 102 837
stu621 878 247 621 713
stu622 1008 476 401 715
stu623 212 978 809 428
stu624 469 662 876 668
stu625 613 882 635 589
stu626 815 660 407 232
stu627 490 932 641 825
stu628 325 742 841 382
stu629 989 359 1095 74
stu63 744 236 627 204
stu630 835 675 789 226
stu631 551 777 653 199
stu632 618 708 46 128
stu633 487 681 999 200
stu634 520 303 713 189
stu635 414 252 1013 1021
stu636 173 752 300 59
stu637 8 574 133 842
stu638 147 101 247 979
stu639 57 79 357 675
stu64 220 278 166 846
stu640 786 403 802 171
stu641 263 980 370 782
stu642 180 1082 970 876
stu643 513 881 794 686
stu644 530 273 1026 819
stu645 27 338 841 455
stu646 720 1087 331 777
stu647 64 969 349 849
stu648 551 330 199 813
stu649 208 568 492 669
stu65 267 899 703 136
stu650 830 360 724 522
stu651 420 697 105 129
stu652 970 311 947 176
stu653 648 685 630 266
stu654 952 960 222 195
stu655 6 570 223 557
stu656 79 422 267 568
stu657 989 1041 135 998
stu658 298 38 418 717
stu659 735 804 845 602
stu66 1088 777 426 391
stu660 12 971 777 942
stu661 836 304 387 685
stu662 443 608 879 730
stu663 75 281 184 435
stu664 702 733 1003 871
stu665 671 317 766 968
stu666 354 363 864 1088
stu667 347 888 869 358
stu668 756 543 479 771
stu669 26 865 353 750
stu67 558 321 77 839
stu670 370 411 378 726
stu671 692 843 59 291
stu672 473 1061 341 41
stu673 275 5 188 628
stu674 649 231 614 995
stu675 298 662 533 234
stu676 385 191 1004 410
stu677 1056 255 340 605
stu678 947 999 229 536
stu679 739 287 7 392
stu68 527 160 140 211
stu680 527 347 714 1083
stu681 633 82 608 462
stu682 312 401 636 610
stu683 1063 66 843 627
stu684 539 744 216 492
stu685 178 555 1096 23
stu686 733 504 840 652
stu687 1072 26 1043 496
stu688 655 936 476 467
stu689 1017 264 928 509
stu69 182 1087 481 249
stu690 946 462 298 86
stu691 809 320 712 245
stu692 243 928 736 703
stu693 662 1012 725 293
stu694 413 744 944 665
stu695 1052 64 58 886
stu696 179 816 250 94
stu697 259 76 884 102
stu698 819 79 470 525
stu699 680 79 1052 922
stu7 567 864 943 439
stu70 127 1064 464 870
stu700 186 967 522 848
stu701 876 426 320 469
stu702 350 443 31 581
stu703 506 370 364 684
stu704 365 613 1059 623
stu705 970 20 1007 686
stu706 380 374 391 1059
stu707 734 340 59 100
stu708 204 862 127 260
stu709 186 446 1010 817
stu71 198 270 1074 699
stu710 888 1040 295 573
stu711 589 940 436 954
stu712 450 675 756 600
stu713 694 942 183 1074
stu714 495 855 1030 127
stu715 92 268 508 578
stu716 28 634 837 495
stu717 1079 744 209 44
stu718 963 785 616 731
stu719 622 231 864 251
stu72 548 419 724 1096
stu720 905 518 850 497
stu721 639 213 750 32
stu722 1067 677 440 339
stu723 125 947 96 152
stu724 478 112 646 736
stu725 35 34 1061 997
stu726 818 574 907 619
stu727 804 669 869 889
stu728 366 617 283 1004
stu729 9 1032 1035 255
stu73 216 325 130 201
stu730 888 372 875 1012
stu731 498 970 343 975
stu732 1081 988 890 295
stu733 201 848 471 1018
stu734 601 276 534 585
stu735 944 583 371 489
stu736 97 653 672 387
stu737 864 605 641 931
stu738 156 414 21 654
stu739 563 363 808 824
stu74 281 555 873 18
stu740 531 596 16 731
stu741 623 487 647 122
stu742 762 360 706 885
stu743 942 1076 553 218
stu744 908 122 604 951
stu745 1008 425 779 62
stu746 18 799 997 580
stu747 342 702 301 872
stu748 477 599 500 280
stu749 1085 326 401 1026
stu75 56 949 856 582
stu750 968 286 808 1089
stu751 541 540 205 346
stu752 661 1090 194 567
stu753 694 152 910 711
stu754 131 804 471 472
stu755 685 771 523 342
stu756 549 202 621 531
stu757 528 201 454 675
stu758 486 441 661 1026
stu759 980 45 551 821
stu76 288 175 792 752
stu760 315 1026 285 1008
stu761 75 374 899 205
stu762 75 267 958 1041
stu763 217 378 280 766
stu764 580 80 476 287
stu765 280 110 961 765
stu766 832 801 970 992
stu767 846 418 710 340
stu768 341 174 527 416
stu769 547 323 902 903
stu77 159 452 180 568
stu770 871 1040 841 1088
stu771 315 301 1033 74
stu772 380 406 360 660
stu773 797 500 604 527
stu774 481 472 416 506
stu775 889 305 845 128
stu776 760 269 825 204
stu777 874 624 4 642
stu778 561 24 909 56
stu779 324 839 129 986
stu78 696 643 335 73
stu780 425 771 825 401
stu781 450 326 927 930
stu782 1079 522 333 866
stu783 6 357 173 765
stu784 626 997 148 679
stu785 800 433 218 541
stu786 457 25 878 1062
stu787 43 186 945 749
stu788 136 667 48 586
stu789 173 154 413 149
stu79 92 588 1053 639
stu790 958 1028 194 963
stu791 282 648 626 87
stu792 542 773 765 522
stu793 104 163 242 842
stu794 469 299 801 793
stu795 484 926 440 620
stu796 772 769 103 944
stu797 922 797 273 777
stu798 1004 466 638 12
stu799 443 552 835 395
stu8 6 483 213 751
stu80 1007 675 633 120
stu800 497 536 780 659
stu801 1059 519 307 255
stu802 500 1099 739 323
stu803 436 256 1094 102
stu804 640 116 204 616
stu805 388 980 518 33
stu806 797 983 44 419
stu807 714 59 814 108
stu808 876 491 1048 833
stu809 190 252 1087 689
stu81 179 1044 602 741
stu810 249 723 191 966
stu811 158 464 248 1079
stu812 579 451 593 146
stu813 610 290 179 587
stu814 452 504 1005 63
stu815 844 998 453 618
stu816 669 680 348 858
stu817 932 614 726 360
stu818 235 96 505 674
stu819 841 752 651 318
stu82 778 654 1040 833
stu820 382 141 745 992
stu821 430 103 758 881
stu822 889 660 123 630
stu823 838 575 427 404
stu824 435 1056 441 264
stu825 568 346 905 1084
stu826 441 307 655 179
stu827 239 203 778 620
stu828 625 703 791 234
stu829 805 446 294 873
stu83 783 794 312 1070
stu830 286 417 401 21
stu831 171 7 424 605
stu832 1063 44 48 528
stu833 389 132 509 9
stu834 721 61 469 959
stu835 546 427 476 68
stu836 27 447 584 11
stu837 892 877 884 75
stu838 473 182 377 926
stu839 470 800 710 430
stu84 148 283 719 589
stu840 23 1040 957 411
stu841 69 363 701 1071
stu842 706 68 927 431
stu843 494 583 498 802
stu844 1029 261 812 818
stu845 318 593 73 790
stu846 1056 449 613 424
stu847 429 503 853 451
stu848 440 990 42 790
stu849 532 1024 759 135
stu85 1017 898 54 892
stu850 1091 865 847 764
stu851 345 525 745 271
stu852 785 455 269 1102
stu853 227 341 1072 463
stu854 1071 864 886 397
stu855 264 918 28 703
stu856 1087 351 673 517
stu857 272 329 933 543
stu858 91 678 486 718
stu859 100 129 168 64
stu86 720 670 964 812
stu860 583 436 64 1091
stu861 1058 33 451 1027
stu862 896 516 603 340
stu863 614 912 1042 598
stu864 160 894 294 432
stu865 402 407 154 775
stu866 264 639 390 363
stu867 767 557 708 529
stu868 173 771 518 128
stu869 1085 148 334 59
stu87 156 94 630 60
stu870 664 117 398 175
stu871 1028 619 1054 368
stu872 411 528 1081 812
stu873 934 132 766 95
stu874 770 53 739 435
stu875 610 344 143 782
stu876 295 942 89 559
stu877 1090 705 617 651
stu878 821 194 5 1028
stu879 813 238 293 403
stu88 768 442 461 126
stu880 765 271 394 878
stu881 402 58 972 352
stu882 110 890 1068 1001
stu883 414 108 962 708
stu884 1050 231 446 1037
stu885 935 1063 867 154
stu886 51 860 146 288
stu887 333 548 233 603
stu888 122 8 185 179
stu889 980 536 570 1049
stu89 383 242 866 59
stu890 501 751 360 608
stu891 892 247 837 20
stu892 693 1053 134 653
stu893 817 1068 1088 867
stu894 6 132 335 338
stu895 961 567 120 1082
stu896 574 304 440 733
stu897 839 190 680 237
stu898 940 1039 25 1011
stu899 466 861 1031 56
stu9 622 207 860 1065
stu90 895 804 891 575
stu900 1094 344 708 808
stu901 592 975 855 597
stu902 286 87 114 427
stu903 653 233 688 406
stu904 537 26 37 273
stu905 497 998 792 334
stu906 114 1098 242 579
stu907 36 452 634 27
stu908 1078 521 835 567
stu909 394 587 61 961
stu91 777 383 825 104
stu910 955 456 285 787
stu911 688 973 90 122
stu912 178 126 677 674
stu913 303 648 187 417
stu914 643 710 995 678
stu915 342 809 705 317
stu916 227 719 883 902
stu917 485 123 1043 619
stu918 578 225 303 163
stu919 377 392 567 836
stu92 947 441 692 861
stu920 800 423 689 1102
stu921 1070 55 698 610
stu922 1047 873 467 286
stu923 579 351 884 1087
stu924 249 664 67 1015
stu925 1068 7 531 825
stu926 513 833 167 70
stu927 123 733 905 102
stu928 53 774 383 302
stu929 828 1081 91 772
stu93 519 1027 650 136
stu930 851 558 237 327
stu931 88 18 593 337
stu932 963 659 249 928
stu933 665 1062 932 76
stu934 792 1099 427 94
stu935 1011 229 195 244
stu936 182 860 545 1010
stu937 838 636 961 868
stu938 373 96 92 742
stu939 395 966 258 256
stu94 595 793 127 750
stu940 523 789 363 85
stu941 748 193 442 437
stu942 189 868 813 97
stu943 277 187 340 458
stu944 1046 65 647 1063
stu945 982 506 828 252
stu946 883 99 173 175
stu947 1065 431 712 485
stu948 117 1075 851 864
stu949 165 191 480 635
stu95 67 757 1091 834
stu950 238 472 1013 514
stu951 659 533 152 884
stu952 597 798 845 476
stu953 483 570 1009 263
stu954 669 79 720 631
stu955 791 329 295 907
stu956 301 43 950 747
stu957 233 610 561 471
stu958 1081 472 164 919
stu959 184 315 701 1062
stu96 378 731 140 761
stu960 293 443 435 775
stu961 192 623 218 860
stu962 983 937 670 672
stu963 445 964 758 1028
stu964 1007 888 954 419
stu965 395 413 69 655
stu966 64 515 472 247
stu967 829 352 206 19
stu968 1076 922 165 724
stu969 191 205 604 25
stu97 972 185 1101 1046
stu970 874 455 751 1018
stu971 393 676 102 178
stu972 528 802 854 120
stu973 871 688 183 283
stu974 339 711 291 690
stu975 916 592 663 1017
stu976 565 8 638 755
stu977 212 421 1061 265
stu978 56 709 180 448
stu979 283 563 907 1092
stu98 168 889 801 944
stu980 263 940 109 31
stu981 525 573 595 864
stu982 181 885 451 276
stu983 374 294 190 938
stu984 301 827 872 512
stu985 145 830 1058 482
stu986 437 418 929 1001
stu987 980 1015 170 140
stu988 852 278 452 275
stu989 30 226 36 210
stu99 451 523 228 296
stu990 9 768 485 664
stu991 241 674 782 823
stu992 680 833 232 4
stu993 561 470 486 997
stu994 887 594 75 764
stu995 507 244 84 256
stu996 803 535 530 832
stu997 761 847 221 1051
stu998 795 987 894 1035
stu999 840 855 756 417
